00000000000000000000
01111111111111111111
02222211111111111111
01111211111111111111
01111211111111111111
01111211111111111111
01111211111111111111
01111211111111111111
01122211111111111111
01111211111111111111
011112222222222222222222222222222222222222222222222
01111211111111111111
01111211111111111111
01111211111111111111
01111211111111111111
01111211111111111111
01111211111111111331
03311211111111133331
03332222222222333331
03333333333333333331
03333333333333333331
03333333333333333331
03333331133333333331
03333331111333333331
03333331113333333331
03333333333333333111
03333333333333311111
03333333333333311111
03333333311111111111
01111111111111111111